ID,Watch Name,Brand Name,Discount Percent,ratings,people rate,discount price,original price
24295998,Unisex Couple Watch Gift Set,JOKER & WITCH,75% OFF,4,62, 1724Rs, 6899
24296002,Unisex Couple Watches Gift Set,JOKER & WITCH,77% OFF,4.3,23, 1655Rs, 7199
29847143,Unisex Analogue Watches,Kool Kidz,10% OFF,N/A,, 715Rs, 795
24286024,Analogue Watch Gift Set,Daniel Klein,63% OFF,N/A,, 2590Rs, 7000
13759602,Blaine & Kurt Couple Watches Gift Set,JOKER & WITCH,75% OFF,4.3,99, 1599Rs, 6398
24081380,Women Watch Gift Set,JOKER & WITCH,77% OFF,4.3,23, 1678Rs, 7298
24081466,Women Watch Gift Set,JOKER & WITCH,77% OFF,3.5,11, 1517Rs, 6598
12906412,Star & Marco Couple Watches,JOKER & WITCH,76% OFF,4.2,26, 1823Rs, 7598
24081602,Women Watch Gift Set,JOKER & WITCH,75% OFF,N/A,, 1424Rs, 5699
29892796,Unisex Kids Watch,YOUNG MISSION,15% OFF,N/A,, 977Rs, 1150
21670,Watches,Fossil,45% OFF,4.5,706, 6872Rs, 12495
26245594,Women Analogue Watch Gift Set,Daniel Klein,Rs. 4151 OFF,N/A,, 2499Rs, 6650
23311642,Bracelet & Watch Gift Set,JOKER & WITCH,77% OFF,4.4,8, 1724Rs, 7499
24608564,Women Analogue Watch,BOSS,Not available,N/A,, 22675,
29847137,Unisex Analogue Watches,Kool Kidz,10% OFF,N/A,, 765Rs, 850
24081444,Women Watch Gift Set,JOKER & WITCH,77% OFF,3,2, 1609Rs, 6998
24552660,Women Analogue Watch,BOSS,Not available,N/A,, 24675,
18214096,Women Watch Gift Set,JOKER & WITCH,75% OFF,4.2,1.1k, 1324Rs, 5298
24081718,Women Watch Gift Set,JOKER & WITCH,77% OFF,4.2,42, 2161Rs, 9399
8986217,Women CECILE Watch,Fossil,45% OFF,4.5,4.3k, 7422Rs, 13495
26245586,Women Analogue Watch Gift Set,Daniel Klein,63% OFF,3.8,6, 2460Rs, 6650
30113213,Women Watch Gift Set,DressBerry,70% OFF,N/A,, 1429Rs, 4765
8063367,Men Analogue Watch,Armani Exchange,50% OFF,4.5,4.5k, 4997Rs, 9995
18214198,Women Watch Gift Set,JOKER & WITCH,75% OFF,4.2,1.1k, 1323Rs, 5294
15101396,Women Shy Watch Gift Set,JOKER & WITCH,75% OFF,4.1,259, 1374Rs, 5499
13660402,Men Chronograph Analogue Watch,Fossil,45% OFF,4.5,1.6k, 6872Rs, 12495
26245596,Women Bracelet & Watch Set,Daniel Klein,Rs. 4151 OFF,4.8,13, 2499Rs, 6650
15101386,Women Watch Gift Set,JOKER & WITCH,75% OFF,4.5,24, 1449Rs, 5799
2024879,Women Analogue Watch,Michael Kors,45% OFF,4.4,659, 13197Rs, 23995
26245598,Women Analogue Watch Gift Set,Daniel Klein,58% OFF,4.2,17, 2793Rs, 6650
28207488,Poze Women Analouge Watch,Sonata,30% OFF,4.4,54, 1592Rs, 2275
26435472,Men Analogue Watch,MVMT,60% OFF,4.3,9, 5982Rs, 14955
29847136,Unisex Analogue Watches,Kool Kidz,10% OFF,N/A,, 765Rs, 850
29890888,Unisex Kids Watch,Kool Kidz,10% OFF,N/A,, 562Rs, 625
21540458,Women Watch Gift Set,Armani Exchange,Not available,4.6,24, 14995,
28207602,Poze Women Analogue Watch,Sonata,42% OFF,4.4,68, 693Rs, 1195
29892793,Unisex Kids Watch,YOUNG MISSION,15% OFF,N/A,, 977Rs, 1150
26245602,Women Analogue Watch Gift Set,Daniel Klein,65% OFF,3.8,5, 2327Rs, 6650
29847141,Unisex Analogue Watches,Kool Kidz,10% OFF,N/A,, 765Rs, 850
23950490,Men Analogue Watch,Maserati,35% OFF,4.5,4, 13325Rs, 20500
30113215,Women Watch Gift Set,DressBerry,70% OFF,N/A,, 1450Rs, 4835
28207498,Poze Women Analouge Watch,Sonata,43% OFF,4.3,26, 795Rs, 1395
11860006,Women Analogue Watch,MVMT,51% OFF,4,79, 7327Rs, 14955
25316412,Women Watch Gift Set,French Connection,55% OFF,4.3,24, 3127Rs, 6950
7837425,Women Analogue Watch Gift Set,Daniel Klein,34% OFF,4.4,48, 3267Rs, 4950
27409450,Men Analogue Watch,MVMT,60% OFF,4.8,6, 6318Rs, 15795
24081500,Women Watch Gift Set JWBS707,JOKER & WITCH,77% OFF,4.1,44, 1678Rs, 7298
12860390,Women Sunshine Watch Gift Set,JOKER & WITCH,75% OFF,4.3,175, 1399Rs, 5599
10949972,Women MODERN SOP Watch,Fossil,40% OFF,4.6,4.7k, 7497Rs, 12495
251023,Men Vintage Digital Watch,CASIO,Not available,4.4,7.4k, 1695,
,N/A,N/A,Not available,N/A,,,
20258100,Men Airhawk Analogue Watch,MVMT,50% OFF,N/A,, 10417Rs, 20835
28207552,Poze Women Analogue Watch,Sonata,Not available,4.3,33, 1195,
24081618,Women Watch Gift Set,JOKER & WITCH,77% OFF,4.3,16, 1747Rs, 7598
11860084,Men Analogue Watch,MVMT,50% OFF,4,5, 6636Rs, 13272
29847140,Unisex Analogue Watches,Kool Kidz,10% OFF,N/A,, 715Rs, 795
28207606,Poze Women Leather Watch,Sonata,42% OFF,4,20, 693Rs, 1195
24051608,Women Reina Analogue Watch,MVMT,50% OFF,N/A,, 7477Rs, 14955
29847135,Kids Analogue Watches,Kool Kidz,10% OFF,N/A,, 742Rs, 825
29892801,Unisex Kids Watch,YOUNG MISSION,15% OFF,N/A,, 977Rs, 1150
15993400,Men Blue Analogue Watch,Tommy Hilfiger,40% OFF,4.6,273, 5399Rs, 8999
1123952,Watches,Fastrack,30% OFF,4.5,212, 2026Rs, 2895
28207494,Poze Women Analouge Watch,Sonata,30% OFF,4.6,25, 1137Rs, 1625
24051612,Women Reina Analogue Watch,MVMT,50% OFF,N/A,, 7057Rs, 14115
30066973,Watch & 5 Pcs Bracelet Gift,Daniel Klein,57% OFF,N/A,, 2859Rs, 6650
24081706,Women Watch Gift Set,JOKER & WITCH,77% OFF,N/A,, 1747Rs, 7599
11860150,Women Analogue Watch,MVMT,50% OFF,N/A,, 7476Rs, 14952
24081536,Women Watch Gift Set,JOKER & WITCH,77% OFF,4.3,40, 1724Rs, 7499
28207560,Poze Women Analogue Watch,Sonata,43% OFF,4.4,54, 795Rs, 1395
11860058,Women Boulevard Analogue Watch,MVMT,50% OFF,4,22, 5376Rs, 10752
25411348,Women Watch Gift Set,French Connection,55% OFF,4.7,14, 3127Rs, 6950
24765926,Women Watch & Bracelet Set,JOKER & WITCH,80% OFF,N/A,, 2359Rs, 11799
11860012,Women Boulevard Analogue Watch,MVMT,50% OFF,3.8,5, 7476Rs, 14952
24081388,Women Watch Gift Set,JOKER & WITCH,77% OFF,N/A,, 1609Rs, 6999
24081634,Women Watch Gift Set,JOKER & WITCH,76% OFF,5,5, 1583Rs, 6599
26355204,Women Analogue Watch,MVMT,50% OFF,N/A,, 5377Rs, 10755
24081832,Women Watch Gift Set,JOKER & WITCH,77% OFF,4.2,24, 1517Rs, 6599
13453642,Women Sparks Fly Watch & Bracelet Gift Set,JOKER & WITCH,75% OFF,4.2,1.1k, 1299Rs, 5199
7837267,Women Analogue Watch,Daniel Klein,41% OFF,4.5,5.6k, 2920Rs, 4950
24081390,Women Watch Gift Set,JOKER & WITCH,77% OFF,4.5,15, 1747Rs, 7598
13453694,Women Starry Night Watch With Bracelet Gift Set,JOKER & WITCH,75% OFF,4.2,1.1k, 1374Rs, 5499
27464306,Women Analogue Watch,Michael Kors,Not available,N/A,, 23995,
24081360,Women Analogue Watch Gift Set,JOKER & WITCH,77% OFF,4.1,44, 1908Rs, 8299
25772584,Kids Multi Function Watch,Shocknshop,70% OFF,N/A,, 449Rs, 1499
20258114,Women Analogue Watch,MVMT,51% OFF,N/A,, 5681Rs, 11595
15101436,Women New York Watch Gift Set,JOKER & WITCH,75% OFF,4.3,173, 1374Rs, 5499
28207572,Poze Women Analogue Watch,Sonata,43% OFF,4.6,33, 795Rs, 1395
14103760,Women Stainless Steel Watch,MVMT,50% OFF,4.8,9, 7476Rs, 14952
24081652,Women Watch Gift Set,JOKER & WITCH,77% OFF,3.7,17, 1678Rs, 7299
24081744,Women Watch Gift Set,JOKER & WITCH,77% OFF,N/A,, 1586Rs, 6898
15149286,Women Analogue Watch,Fossil,30% OFF,4.4,625, 10146Rs, 14495
1154974,Watches,Titan,10% OFF,4.5,454, 1795Rs, 1995
18214050,Women Rose Gold-Toned Watch With Bracelet Gift Set,JOKER & WITCH,75% OFF,4.1,404, 1386Rs, 5544
22765408,Women Reina Analogue Watch,MVMT,65% OFF,N/A,, 3764Rs, 10755
28207556,Poze Women Analogue Watch,Sonata,30% OFF,4.3,47, 1347Rs, 1925
30113201,Women Watch Gift Set,DressBerry,70% OFF,N/A,, 1498Rs, 4995
15468614,Men Analogue Watch,Emporio Armani,Not available,4.6,17, 26995,
24081698,Women Watch Gift Set,JOKER & WITCH,75% OFF,4.1,408, 1374Rs, 5499
12860414,Watch Bracelet Gift Set,JOKER & WITCH,75% OFF,4.1,87, 1399Rs, 5599
23126734,Men Patterned Analogue Watch,Armani Exchange,50% OFF,4.6,42, 10747Rs, 21495
28207502,Poze Men Analouge Watch,Sonata,41% OFF,4.6,30, 988Rs, 1675
24081516,Women Watch Gift Set,JOKER & WITCH,77% OFF,N/A,, 1586Rs, 6899
15464822,Men Blue Leather Straps Watch,Armani Exchange,Not available,4.3,54, 14995,
29892798,Unisex Kids Watch,YOUNG MISSION,15% OFF,N/A,, 977Rs, 1150
24081562,Women Watch Gift Set,JOKER & WITCH,75% OFF,4.1,410, 1374Rs, 5499
2466435,Women Analogue Watch,Daniel Klein,Rs. 3100 OFF,4.4,21.7k, 1050Rs, 4150
30113217,Women Watch Gift Set,DressBerry,70% OFF,N/A,, 1429Rs, 4765
28207510,Men Analouge Watch,Sonata,40% OFF,4.6,36, 945Rs, 1575
2063626,Women Watch,Fossil,Not available,4.3,68, 12495,
733892,Women Dial Watch,Sonata,Not available,4.1,37, 1225,
24766012,Women Watch Gift Set,JOKER & WITCH,80% OFF,N/A,, 2159Rs, 10798
1678395,Women Watch,Emporio Armani,Not available,4.2,10, 26995,
915681,Watches,Timex,30% OFF,4.6,362, 2796Rs, 3995
13856322,Women Watch & Bracelet Gift Set,JOKER & WITCH,75% OFF,4.1,279, 1399Rs, 5598
15419812,Women Chronograph Watch,Fossil,Not available,4.5,248, 12495,
24765908,Women Watch Gift Set,JOKER & WITCH,80% OFF,N/A,, 2159Rs, 10798
258013,Men Toned Dial,Titan,10% OFF,4.5,576, 1795Rs, 1995
1478504,Men Chronograph Watch,Armani Exchange,Not available,4.5,81, 17495,
23311626,Women Bracelet Watch Gift Set,JOKER & WITCH,75% OFF,N/A,, 1399Rs, 5599
23311702,Women Bracelet Watch Gift Set,JOKER & WITCH,75% OFF,4.2,5, 1324Rs, 5298
9036947,Men Stainless Steel Straps Watch,Fossil,40% OFF,4.5,28, 8997Rs, 14995
24081628,Women Watch Gift Set,JOKER & WITCH,78% OFF,4.3,21, 1781Rs, 8099
30110492,Men Brass Dial & Multi Function Watch,WROGN,65% OFF,N/A,, 1049Rs, 2999
19198870,Women Leather Strap Watch,OLIVIA BURTON LONDON,40% OFF,2.5,4, 6720Rs, 11200
23311598,Watch Bracelet Stack,JOKER & WITCH,75% OFF,4.1,403, 1649Rs, 6597
18222572,Women Solid Watch Gift Set,JOKER & WITCH,77% OFF,4.3,6, 1723Rs, 7493
19197784,Women Printed Leather Watch,OLIVIA BURTON LONDON,30% OFF,4.1,8, 7000Rs, 10000
24765902,Women Solid Watch Gift Set,JOKER & WITCH,76% OFF,N/A,, 2687Rs, 11199
1129858,Men Watch,Titan,20% OFF,4.4,703, 2460Rs, 3075
27257044,Women Analogue Watch,Michael Kors,50% OFF,3.3,3, 9997Rs, 19995
24453882,Women Watch & Bracelet Set,JOKER & WITCH,75% OFF,4.1,402, 1624Rs, 6499
18214102,Women Gold-Plated Watch & Bracelet Gift Set,JOKER & WITCH,75% OFF,4.2,1.1k, 1386Rs, 5544
27464060,Men Analogue Watch,Emporio Armani,Not available,N/A,, 23995,
24081586,Women Watch Gift Set,JOKER & WITCH,75% OFF,4.5,23, 1374Rs, 5499
24081476,Women Watch Gift Set,JOKER & WITCH,77% OFF,4.3,37, 1724Rs, 7498
10654730,Women Analogue Watch,Fossil,Not available,4.7,96, 12495,
30113223,Women Watch Gift Set,DressBerry,70% OFF,N/A,, 1429Rs, 4765
12301990,Lucie Watch Bracelet Stack,JOKER & WITCH,75% OFF,4.1,107, 1274Rs, 5099
20257372,Men Expose Analogue Watch,HUGO,40% OFF,4.3,6, 11655Rs, 19425
24453848,Women Watch & Bracelet Set,JOKER & WITCH,77% OFF,3.8,6, 1494Rs, 6498
24765974,Women Watch Gift Set,JOKER & WITCH,80% OFF,N/A,, 1779Rs, 8899
24051460,Women Stainless Steel Watch,OLIVIA BURTON LONDON,30% OFF,N/A,, 12600Rs, 18000
26245604,Women Analogue Watch Gift Set,Daniel Klein,Rs. 4151 OFF,N/A,, 2499Rs, 6650
24304406,Women Analogue Watch Gift Set,JOKER & WITCH,75% OFF,4.4,7, 1262Rs, 5048
22238512,Women Mother Of Pearls Watch,OLIVIA BURTON LONDON,30% OFF,N/A,, 8960Rs, 12800
23311716,Watch Bracelet Gift Set,JOKER & WITCH,77% OFF,N/A,, 1632Rs, 7099
23311560,Women Watch Gift Set,JOKER & WITCH,75% OFF,4.1,8, 1274Rs, 5099
1192022,Women Dial Watch,Fastrack,20% OFF,4.6,167, 2076Rs, 2595
18214060,Women Watch & Jewellery Gift Set,JOKER & WITCH,75% OFF,4.1,90, 1374Rs, 5498
28207516,Poze Women Analouge Watch,Sonata,30% OFF,4.3,53, 1172Rs, 1675
29892795,Unisex Kids Watch,YOUNG MISSION,15% OFF,N/A,, 977Rs, 1150
18214080,Women Aphrodite Watch & Bracelet Stack JWBS645,JOKER & WITCH,75% OFF,4.2,140, 1399Rs, 5598
24453864,Women Watch & Bracelet Set,JOKER & WITCH,75% OFF,4.2,123, 1374Rs, 5499
24304398,Women Analogue Watch Gift Set,JOKER & WITCH,75% OFF,N/A,, 1312Rs, 5248
13453664,Women Medival Watch & Bracelet Gift Set,JOKER & WITCH,75% OFF,3.9,29, 1374Rs, 5499
13453682,Women Starburst Watch With Bracelet Gift Set,JOKER & WITCH,75% OFF,4.1,399, 1299Rs, 5199
19305290,Unisex Solid E17-C Full Touch Bluetooth Smart Watches,French Connection,Rs. 6500 OFF,N/A,, 2999Rs, 9499
24776848,Men Analogue Watch,Roadster,76% OFF,3.4,12, 599Rs, 2499
20904274,Watch With Bracelet & Ring,JOKER & WITCH,77% OFF,N/A,, 1954Rs, 8497
18222504,Women Watch Gift Set,JOKER & WITCH,75% OFF,4.1,14, 1874Rs, 7497
15686990,Women Watch Gift Set,JOKER & WITCH,75% OFF,4.5,21, 1649Rs, 6599
23156314,Women Watch Gift Set,HAUTE SAUCE by  Campus Sutra,63% OFF,N/A,, 1652Rs, 4465
155954,Watches,Fastrack,20% OFF,4,516, 2396Rs, 2995
23376316,Women Watch Gift Set,JOKER & WITCH,77% OFF,N/A,, 2161Rs, 9399
30110514,Men Analogue Watches,Roadster,60% OFF,N/A,, 999Rs, 2499
20904248,Women Watch Gift Set,JOKER & WITCH,75% OFF,N/A,, 1674Rs, 6697
30113198,Women Watch Gift Set,DressBerry,70% OFF,N/A,, 1498Rs, 4995
24776850,Men Analogue Watch,Roadster,76% OFF,4,13, 599Rs, 2499
26964192,"Ace XR 1.43"" Smart Watches",Cultsport,75% OFF,4.1,18, 2499Rs, 9999
24081556,Women Watch Gift Set,JOKER & WITCH,77% OFF,4.7,7, 1770Rs, 7698
24765952,Women Watch Gift Set,JOKER & WITCH,80% OFF,N/A,, 1819Rs, 9099
24081426,Women Watch Gift Set,JOKER & WITCH,77% OFF,N/A,, 1701Rs, 7398
24081740,Women Watch Gift Set,JOKER & WITCH,77% OFF,N/A,, 1839Rs, 7999
24081488,Women Watch Gift Set,JOKER & WITCH,77% OFF,N/A,, 1701Rs, 7398
19525306,Women Analogue Watch Gift Set,bebe,72% OFF,4.6,49, 1539Rs, 5499
24453900,Women Watch & Bracelet Set,JOKER & WITCH,75% OFF,4.3,139, 1549Rs, 6199
24286020,Women Analogue Watch Gift Set,Daniel Klein,52% OFF,N/A,, 4176Rs, 8700
24453862,Women Watch & Bracelet Set,JOKER & WITCH,75% OFF,4.6,22, 1449Rs, 5799
24081572,Women Watch Gift Set,JOKER & WITCH,77% OFF,4.2,17, 1471Rs, 6398
17223738,Women Analogue Watch Gift Set,Daniel Klein,47% OFF,N/A,, 4213Rs, 7950
18214204,Women Watch Gift Set,JOKER & WITCH,75% OFF,4.7,19, 1323Rs, 5294
29830458,Unisex Kids Multi Function Watch,Spiky,40% OFF,N/A,, 1198Rs, 1998
22914160,Leather Watch Gift Set,JOKER & WITCH,75% OFF,4.5,53, 1249Rs, 4999
13711480,Women Watch Bracelet Stack,JOKER & WITCH,75% OFF,3.9,58, 1399Rs, 5598
709021,Men Dial Watch,Fastrack,30% OFF,4.2,257, 906Rs, 1295
24304418,Women Watch Gift Set,JOKER & WITCH,75% OFF,N/A,, 1387Rs, 5548
24304420,Pearl Watch & Charm Set,JOKER & WITCH,75% OFF,5,2, 1262Rs, 5048
12860362,Watch & Bracelet Stacks,JOKER & WITCH,75% OFF,4.1,107, 1299Rs, 5199
15505654,Set of 2 Analogue Watches,CARLINGTON,75% OFF,3.6,22, 999Rs, 3999
28207618,Poze Men Analogue Watch,Sonata,31% OFF,4.4,19, 1445Rs, 2095
28207508,Poze Women Analouge Watch,Sonata,40% OFF,4.6,30, 975Rs, 1625
27585802,Women Analogue Watch,CARLINGTON,Rs. 6560 OFF,N/A,, 1439Rs, 7999
24811698,Women Watch Gift Set,JOKER & WITCH,80% OFF,N/A,, 2999Rs, 14995
28207586,Poze Men Analogue Watch,Sonata,40% OFF,4.3,3, 825Rs, 1375
24766064,Women Watch & Bracelet Set,JOKER & WITCH,80% OFF,N/A,, 2359Rs, 11799
17788774,Women Sliver Space Love Stack Watch Gift Set,JOKER & WITCH,77% OFF,4.1,9, 2138Rs, 9296
24765920,Women Bracelet Watch Gift Set,JOKER & WITCH,80% OFF,N/A,, 2199Rs, 10999
17788600,Women Watch Gift Set,JOKER & WITCH,77% OFF,N/A,, 1632Rs, 7097
23802460,Women Watch Gift Set,JOKER & WITCH,77% OFF,N/A,, 2092Rs, 9099
709052,Men Dial Watch,Fastrack,30% OFF,4,183, 2026Rs, 2895
24081484,Women Watch Gift Set,JOKER & WITCH,77% OFF,4.7,7, 2069Rs, 8999
